corrects
1.0
0.8888888359069824
0.5
0.5
0.8999999761581421
1.0
0.4285714328289032
0.0
0.5
1.0
0.375
0.0
0.0
1.0
1.0
0.8888888359069824
0.8999999761581421
1.0
1.0
1.0
0.4285714328289032
0.8999999761581421
1.0
0.0
1.0
1.0
0.8888888359069824
0.699999988079071
0.8571428656578064
0.0
1.0
1.0
1.0
0.0
0.8571428656578064
0.7142857313156128
1.0
0.8571428656578064
0.7142857313156128
0.7142857313156128
1.0
0.800000011920929
0.7777777910232544
1.0
1.0
0.7777777910232544
0.75
0.0
0.75
0.800000011920929
0.6666666269302368
0.6666666269302368
0.8571428656578064
1.0
0.875
1.0
0.875
0.0
0.375
0.5714285373687744
0.5714285373687744
1.0
1.0
0.875
0.0
1.0
0.875
0.5714285373687744
0.8571428656578064
0.625
0.8571428656578064
1.0
0.625
1.0
1.0
0.0
0.8888888359069824
1.0
1.0
1.0
0.0
0.25
0.25
1.0
0.0
1.0
1.0
1.0
1.0
1.0
0.125
0.0
0.125
0.0
1.0
1.0
1.0
0.1428571343421936
1.0
0.0
0.0
1.0
1.0
1.0
1.0
1.0
0.1428571343421936
1.0
1.0
0.2222222089767456
1.0
0.0
0.2222222089767456
1.0
1.0
1.0
1.0
0.1111111044883728
1.0
1.0
0.2857142686843872
0.2857142686843872
1.0
0.3333333134651184
1.0
1.0
1.0
1.0